21252,2675,80,49,40,40,38,38,38,48,41431,24,25,18,18,19,18,18,19,19
20961,2644,74,47,40,41,38,38,38,40,42423,28,23,18,19,18,18,19,19,20
21136,2737,76,60,40,48,39,40,40,41,41426,24,23,19,27,18,19,19,19,20
21167,2645,74,49,40,39,38,38,38,40,41425,25,24,18,18,18,18,18,19,19
20987,2687,63,49,40,38,50,38,38,38,40410,25,24,18,19,19,18,18,19,19
21036,2641,98,57,40,41,38,39,37,39,41422,39,23,19,19,18,19,18,20,18
21087,2721,79,49,41,41,38,38,39,39,42424,25,23,18,18,18,19,19,19,19
21289,2694,66,50,43,41,38,38,38,40,41426,24,24,19,18,18,18,19,19,19
21162,2725,72,57,40,39,38,38,38,40,42430,24,23,19,19,18,19,19,20,19
21207,2853,67,58,41,40,38,39,38,39,41407,24,26,18,19,18,18,18,19,19
21063,2683,70,50,39,40,40,38,38,40,41433,24,25,18,19,19,18,18,19,19
21434,2833,64,49,41,39,39,39,39,40,42449,24,24,18,18,19,18,18,19,20
21121,2676,63,60,40,40,39,37,38,39,42425,24,34,18,18,18,18,18,19,20
21204,2627,73,52,43,39,38,38,38,39,42423,24,26,20,19,19,18,18,20,20
21220,2661,67,49,41,42,38,38,48,40,41415,23,24,18,19,19,18,18,19,19
21179,2652,69,53,42,39,38,38,37,40,42426,24,26,18,19,18,18,18,19,20
21269,2678,72,59,41,42,38,39,39,40,42423,24,32,18,19,18,18,18,20,19
20977,2625,64,54,43,42,39,38,37,40,40430,24,26,19,19,18,18,18,19,18
21452,2841,63,49,41,40,38,38,38,39,41423,24,24,18,18,18,18,18,19,19
21203,2687,63,51,40,39,39,39,39,66,51408,24,26,19,19,19,19,19,29,20
21324,2773,73,70,42,41,40,52,39,39,43427,24,35,19,18,18,32,19,19,20
21068,2684,80,55,40,39,48,38,38,38,42428,30,30,18,18,28,18,19,19,20
20902,2670,61,51,40,39,40,38,38,42,42414,23,28,18,19,18,18,18,22,19
21058,2676,77,48,40,40,38,40,47,40,41423,35,23,19,19,18,19,18,20,19
21211,2820,67,49,39,45,39,38,38,39,41424,24,25,18,19,18,18,19,19,18
21283,2878,63,53,40,40,38,38,38,39,42432,24,26,18,19,19,18,18,19,19
21101,2683,63,58,40,41,41,39,38,40,50424,24,35,18,18,18,18,18,20,23
20314,2565,60,47,38,39,39,36,37,38,39417,25,24,18,19,17,18,18,20,18
19497,2682,63,47,38,39,38,37,37,39,58442,24,26,18,18,19,18,18,19,30
19197,2476,74,47,39,38,37,37,41,38,40418,23,24,18,18,18,19,21,18,19
19479,2485,67,52,39,37,38,38,38,37,39410,24,23,18,19,18,19,18,19,18
19510,2501,63,49,38,38,38,36,36,37,39412,23,24,18,18,19,18,18,18,19
19840,2787,70,48,40,43,41,38,38,40,42420,31,23,18,18,18,18,18,19,19
21195,2664,83,48,41,44,39,40,38,41,41422,26,24,18,24,19,18,18,19,19
21067,2744,76,53,40,41,39,39,37,39,41426,24,30,18,18,18,18,18,19,19
21249,2866,100,50,41,40,39,38,38,39,41425,48,18,19,18,18,18,18,19,19
21207,2693,63,51,42,41,38,39,40,39,41427,23,25,18,19,18,18,21,20,19
21131,2696,61,50,41,39,39,39,38,49,42429,24,25,18,18,18,18,18,19,19
21070,2666,93,45,38,41,38,41,40,49,41423,37,22,18,18,18,19,18,29,18
21340,2713,66,49,41,40,42,48,39,38,41425,26,24,19,18,18,18,18,19,19
21397,2755,73,60,41,40,40,37,37,38,41426,24,24,19,18,19,18,18,18,19
21021,2832,65,48,40,43,39,38,38,40,41421,23,23,18,19,18,18,18,19,19
21187,2937,65,52,40,40,39,39,38,40,41426,24,26,18,19,18,18,18,19,19
21263,2767,70,48,40,42,38,40,47,40,41428,25,23,18,19,18,19,18,19,19
21032,2652,74,68,41,41,38,38,38,40,41400,24,31,18,18,18,19,19,20,19
21295,2882,80,46,42,53,38,38,38,72,41417,39,21,19,23,18,18,18,19,19
21021,2773,81,55,41,40,38,40,38,40,43412,24,21,19,18,18,18,18,20,19
21141,2804,65,51,41,40,39,38,38,39,43428,25,26,19,18,18,18,18,19,19
21319,2819,113,48,40,39,42,39,38,53,42423,47,23,19,18,19,18,19,19,20
21351,2853,63,51,40,39,38,38,37,39,42424,23,23,19,19,19,18,18,19,19
21401,2884,64,54,40,39,38,38,38,40,42411,24,24,19,19,18,18,18,19,19
21461,2721,62,49,42,41,39,37,37,38,41413,23,24,19,19,18,17,18,18,18
20989,2667,64,49,40,41,39,47,38,39,41419,24,24,18,18,18,28,18,19,18
20994,2734,72,50,40,41,38,38,49,39,41426,24,25,19,18,18,18,19,18,19
21069,2684,70,53,40,41,40,38,38,39,41428,24,18,18,18,19,18,18,19,19
21194,2670,82,51,39,40,40,38,37,38,41426,26,25,18,18,18,18,18,19,19
21199,2827,65,51,41,40,38,38,38,39,41425,23,27,19,18,19,18,18,19,19
21387,2772,80,69,41,41,40,38,39,39,42426,25,45,19,18,19,19,18,19,19
21297,2692,78,49,40,54,39,38,38,45,42422,25,23,18,18,18,18,18,19,19
21151,2666,77,51,42,52,39,38,38,59,42423,24,26,19,31,18,18,18,24,19
20443,2484,99,52,39,38,38,37,36,38,40415,47,23,19,19,19,19,18,19,20
19370,2572,68,47,38,41,38,38,36,37,39418,24,25,19,18,18,19,18,18,19
19651,2546,61,48,38,38,37,36,36,38,39421,24,25,18,19,18,19,18,19,19
19489,2495,76,45,38,37,36,36,38,39,40427,38,23,18,18,18,18,18,19,18
19812,2545,68,47,38,45,36,36,36,37,39412,24,23,19,18,18,19,18,18,19
19373,2638,71,48,39,38,40,37,36,38,40400,22,23,19,18,18,18,18,19,20
19487,2509,128,95,39,37,37,36,36,37,39435,73,71,18,18,18,18,18,19,19
19606,2626,66,46,38,39,37,37,37,38,40420,23,24,19,18,18,19,18,19,19
19616,2577,63,47,38,40,36,45,37,37,39422,29,23,18,18,18,26,18,18,19
19330,2495,60,50,38,47,39,39,36,38,39422,23,24,19,18,18,19,18,19,18
19667,2669,72,48,40,39,36,36,36,37,39415,23,23,18,18,18,18,18,19,19
19415,2442,87,40,38,48,36,38,36,38,39415,40,18,19,29,18,18,18,19,19
19522,2492,59,48,38,51,37,37,37,62,39414,23,25,18,20,18,18,18,29,19
19471,2514,80,43,39,38,37,36,37,37,39403,32,21,19,18,18,18,18,19,19
19624,2519,78,46,40,38,37,36,37,37,39419,32,23,19,19,18,18,19,19,19
19641,2664,60,61,40,40,37,39,37,38,40409,24,30,18,19,19,18,18,19,19
19375,2440,67,48,38,37,38,36,36,37,39410,23,24,18,18,19,19,18,18,19
19638,2563,65,49,38,37,51,38,36,37,39408,23,24,18,18,21,18,18,19,18
19394,2542,71,46,39,39,37,37,36,37,39418,37,22,18,18,18,18,18,19,19
19488,2474,64,49,38,45,38,36,36,37,40415,24,25,18,18,19,18,19,19,19
19616,2522,60,47,39,49,43,47,35,65,39415,23,24,18,18,18,19,18,29,19
19807,2635,69,48,40,38,37,36,38,38,39418,32,26,19,18,19,17,18,19,19
19617,2502,60,46,39,39,37,37,37,37,39417,23,24,18,18,19,18,18,19,19
19488,2523,62,51,42,37,38,37,37,38,40419,23,29,21,18,18,19,18,19,19
19546,2665,58,52,40,40,39,38,36,37,39593,24,26,18,19,18,18,18,19,19
19650,2680,61,49,39,41,38,36,36,37,39417,23,24,19,18,18,18,18,19,19
19574,2562,66,46,38,38,37,36,37,37,39421,30,23,19,18,18,18,18,19,19
19659,2535,65,55,39,38,37,40,38,37,40418,23,24,19,18,19,18,18,18,19
19554,2641,62,52,40,37,37,38,36,38,39447,24,31,19,19,18,18,18,19,18
19609,2530,66,47,38,37,37,36,38,38,39403,24,24,18,19,19,18,18,19,19
19524,2495,59,56,39,38,37,37,37,38,40434,24,25,18,19,18,19,18,19,19
19257,2584,68,46,38,47,37,38,36,38,40445,24,22,18,18,19,18,18,19,19
19529,2538,73,47,37,37,37,36,36,37,40416,23,25,18,18,18,18,19,19,18
19632,2649,59,49,38,38,40,36,36,37,39418,23,25,18,19,18,18,18,19,19
19246,2476,66,47,39,38,37,36,36,37,39416,23,24,18,18,18,19,18,19,19
19487,2524,62,50,38,39,36,38,38,37,42417,23,27,18,19,18,18,19,19,19
19422,2510,65,47,38,37,37,37,36,39,38435,24,24,18,18,18,18,18,19,19
19504,2454,65,47,38,38,36,46,36,38,39415,24,24,18,18,18,27,19,19,19
19512,2655,66,46,38,38,36,37,36,38,39422,23,23,18,19,18,18,18,19,19
19611,2483,69,50,40,39,37,39,38,38,38400,25,26,18,19,18,19,18,19,18

Number of starts: 100
Number of accumulated fails: 0

Boot times
Average response time: 20438 ms
Median response time: 20988 ms
Longest response time: 21461 ms
Lowest response time: 19197 ms

First request times
Average response time: 2650 ms with 422 decrypt time
Median response time: 2664 ms with 422 decrypt time
Longest response time: 2937 ms with 593 decrypt time
Lowest response time: 2440 ms with 400 decrypt time

uname_result(system='Linux', node='raspberrypi', release='4.19.57-v7+', version='#1244 SMP Thu Jul 4 18:45:25 BST 2019', machine='armv7l', processor='')