3075,289,8,3,3,7,4,3,3,2,23,0,0,0,0,0,0,0,0,0
3102,260,4,3,5,2,9,3,5,3,33,0,0,0,0,0,0,0,0,0
3168,312,15,5,3,5,4,3,7,4,53,0,0,0,0,0,0,0,0,0
3042,278,6,3,10,4,3,6,3,3,32,0,0,0,0,0,0,0,0,0
3059,300,7,3,5,3,3,2,4,2,32,0,0,0,0,0,0,0,0,0
3216,274,17,4,7,3,3,3,3,5,32,0,0,0,0,0,0,0,0,0
3270,357,12,8,4,4,5,4,4,3,72,0,0,0,0,0,0,1,0,0
6030,428,13,9,5,5,5,5,5,4,74,0,0,0,0,0,0,0,0,0
5032,415,26,6,6,6,5,4,4,4,55,0,0,0,0,0,0,0,0,0
4685,378,12,10,6,4,5,5,7,3,43,0,0,0,0,0,0,0,0,0
4309,347,14,4,8,5,4,4,5,6,32,0,0,0,0,0,0,1,0,0
4023,339,9,4,3,6,7,4,7,3,53,0,0,0,0,0,0,0,0,0
3683,314,20,7,12,8,7,4,5,5,32,0,0,0,0,0,0,0,0,0
3717,366,9,5,9,6,4,12,4,4,43,0,0,0,0,0,0,0,0,0
3629,305,15,3,3,4,4,7,7,3,31,0,0,0,0,0,0,0,0,0
3464,291,12,6,4,5,5,11,10,3,32,0,0,0,0,0,0,0,0,1
3549,314,14,4,12,14,3,7,3,4,42,0,0,0,0,0,0,0,0,0
3419,341,17,5,3,4,6,3,5,2,32,0,1,0,0,0,0,0,0,0
3500,284,11,4,12,6,6,3,3,4,43,0,0,0,1,0,0,0,0,0
3453,278,6,3,3,6,3,4,5,6,43,0,0,0,0,0,0,0,0,0
3591,329,15,8,6,6,5,5,6,4,52,0,0,1,0,0,0,1,0,0
3959,389,7,16,7,9,4,5,5,9,35,0,0,0,0,0,0,0,0,0
3536,295,9,5,7,10,4,6,6,4,54,0,0,0,0,0,0,0,1,0
3714,323,7,9,3,6,7,3,3,4,32,0,1,0,0,0,0,0,0,0
3560,356,17,5,6,7,5,4,3,3,35,0,0,0,0,0,0,0,0,0
3557,339,13,11,10,4,5,6,7,3,32,0,0,0,0,0,0,0,0,0
3553,328,17,5,9,11,10,7,5,5,62,0,0,0,0,0,0,0,0,0
3502,288,5,10,3,6,5,8,4,5,26,0,0,0,0,0,0,0,0,0
3832,305,11,4,4,4,4,13,9,8,42,0,0,0,0,0,0,0,0,0
3734,296,10,4,4,5,3,4,5,3,51,0,0,0,0,0,0,0,0,0
3824,373,13,4,3,3,3,4,3,7,23,0,0,0,0,0,0,0,0,0
3494,292,10,18,5,3,7,3,4,3,113,0,0,0,0,0,0,0,0,0
3451,306,11,5,3,5,9,3,3,3,22,0,0,0,0,0,0,0,0,0
3602,308,17,10,5,4,6,5,5,3,52,0,0,1,0,0,0,0,0,0
3705,305,22,5,4,6,6,3,4,3,32,0,0,0,0,0,0,0,0,0
3650,389,14,7,5,12,4,3,8,3,43,0,0,0,0,0,0,0,0,0
3583,338,22,7,6,4,3,6,3,4,45,0,0,0,0,0,0,0,0,0
3791,363,8,5,4,4,4,3,4,4,33,0,0,0,0,0,0,0,0,0
4392,349,15,5,4,8,5,6,5,4,52,0,0,0,0,0,0,0,0,0
3631,332,7,8,3,6,3,8,3,3,34,0,0,0,0,0,0,0,0,0
3422,299,10,7,4,3,3,6,3,4,52,0,0,0,0,0,0,0,0,0
3473,281,7,12,4,6,4,4,11,5,53,0,0,0,0,0,0,0,0,0
3440,310,15,3,3,7,4,5,4,4,33,0,0,0,0,0,0,0,0,0
3624,333,10,10,8,6,7,5,5,6,43,0,0,0,0,0,0,0,0,0
3930,339,14,4,8,3,4,3,4,16,32,0,0,0,0,0,0,0,0,0
3841,338,16,5,5,6,5,4,4,6,113,0,0,1,0,0,0,0,0,0
3656,294,7,3,5,6,4,11,4,4,65,0,0,1,0,0,0,0,0,0
3551,301,21,5,8,7,3,4,3,6,42,0,0,0,0,0,0,0,0,0
3390,303,9,11,5,5,4,5,3,3,36,0,0,0,0,0,0,0,0,0
3458,316,15,5,4,8,5,4,3,4,32,0,0,0,0,0,0,0,0,0
3932,373,19,10,6,7,5,8,4,4,43,0,0,0,0,0,0,0,0,0
3859,333,14,7,5,4,4,3,4,3,55,0,0,0,0,0,0,0,0,0
3582,316,17,4,4,4,5,4,3,3,52,0,0,0,1,0,0,0,0,0
3594,329,7,7,9,4,3,4,4,6,55,0,0,0,0,0,0,0,0,0
3516,327,8,10,5,6,10,7,6,4,33,0,0,0,0,0,0,0,0,0
3660,328,9,7,5,4,5,6,6,4,42,0,0,0,0,0,0,0,0,0
3528,307,12,7,5,4,3,6,5,4,31,0,0,0,0,0,0,0,0,0
3594,290,5,5,5,3,4,4,4,3,32,0,0,0,0,0,0,0,0,0
3599,289,9,4,4,3,5,3,3,3,32,0,0,0,0,0,0,0,0,0
3549,324,14,3,3,5,4,4,3,3,32,0,0,0,0,0,0,0,0,0
3551,328,12,8,8,3,3,6,4,14,75,0,0,0,0,0,0,0,0,0
3668,349,10,7,4,6,5,4,6,5,32,0,0,0,0,0,0,0,0,0
3589,322,6,8,5,9,4,3,6,5,43,0,0,0,0,0,0,0,0,0
4009,390,15,9,6,3,3,4,4,4,33,0,0,0,0,0,0,0,0,0
3635,285,10,4,3,3,4,6,5,4,32,0,0,0,0,0,0,0,0,0
3499,315,9,7,8,6,4,3,3,5,33,0,0,0,0,0,0,0,0,0
3561,321,7,6,7,8,4,4,3,4,42,0,0,1,0,0,0,0,0,0
3550,289,9,6,6,8,5,5,6,4,33,0,0,0,0,0,0,0,0,0
3558,288,9,13,3,6,6,5,9,3,32,0,0,0,0,0,0,0,0,0
3584,336,17,10,6,4,4,8,4,4,43,0,0,0,1,0,0,0,0,0
3565,319,13,4,6,3,3,3,3,3,43,0,0,0,0,0,0,0,0,0
3378,314,15,4,4,3,3,4,9,3,32,0,0,0,0,0,0,0,0,0
3484,309,6,11,3,4,3,3,9,3,32,0,0,0,0,1,0,0,0,0
3502,295,15,6,3,3,4,6,3,3,54,0,0,0,1,0,0,0,0,0
3993,365,5,4,4,3,5,4,4,5,43,0,0,0,0,0,0,0,0,1
3503,352,20,13,6,4,8,7,4,5,52,1,0,0,0,0,0,0,0,0
3597,286,11,4,3,4,7,4,5,3,33,0,0,0,0,0,0,0,0,0
3674,294,6,3,4,3,3,3,2,3,33,0,0,0,0,0,0,0,0,0
3618,326,9,10,3,4,3,5,4,6,42,0,0,0,0,0,0,0,0,0
3515,273,5,6,4,5,3,4,3,3,42,0,0,0,0,0,0,0,0,0
3544,301,12,6,6,4,3,4,4,5,33,1,0,0,0,0,0,0,0,0
3373,321,13,8,5,3,9,5,3,7,42,0,0,0,0,0,0,0,0,0
3578,313,15,9,4,3,5,7,3,3,43,0,0,0,0,0,0,0,0,0
3477,290,7,4,5,6,3,6,4,4,32,0,0,1,0,0,0,0,0,0
3585,344,21,13,5,8,4,10,7,6,74,1,0,0,0,0,0,0,1,0
3833,356,12,5,7,3,7,6,3,4,32,0,0,1,0,0,0,0,0,0
3631,317,17,5,4,6,7,3,7,3,84,0,0,0,0,0,0,0,0,0
3513,316,7,7,4,9,4,6,4,3,62,0,0,0,0,0,0,0,0,0
3531,309,8,8,4,3,3,3,5,4,42,0,0,0,0,0,0,0,0,0
3559,313,8,5,6,5,5,4,10,11,32,0,0,0,0,0,0,0,0,0
3629,373,8,6,3,4,4,4,4,4,33,0,0,0,0,0,0,0,0,0
3722,297,16,10,4,5,8,9,3,5,32,0,0,0,0,0,0,0,1,0
3585,327,6,5,11,8,3,3,4,12,45,0,0,0,0,0,0,0,0,1
3814,388,18,5,4,4,7,7,5,3,42,0,0,0,0,0,0,0,0,0
4002,365,21,5,3,3,3,5,5,4,35,0,0,0,0,0,0,0,0,0
3478,303,22,14,3,3,5,4,4,8,42,0,0,0,0,0,0,0,0,0
3554,319,10,10,7,4,5,4,3,3,33,0,0,0,0,0,0,0,0,0
3369,326,13,4,3,5,6,4,7,3,32,0,0,0,0,0,0,0,1,0
3677,383,9,7,3,8,4,7,5,3,33,0,0,0,0,0,0,0,1,0
3975,350,12,9,3,5,3,3,6,4,34,0,0,0,0,0,0,0,0,0

Number of starts: 100
Number of accumulated fails: 0

Boot times
Average response time: 3647 ms
Median response time: 3582 ms
Longest response time: 6030 ms
Lowest response time: 3042 ms

First request times
Average response time: 323 ms with 2 decrypt time
Median response time: 318 ms with 3 decrypt time
Longest response time: 428 ms with 6 decrypt time
Lowest response time: 260 ms with 1 decrypt time

uname_result(system='Linux', node='sneakybits', release='4.8.0-30-generic', version='#32~16.04.1-Ubuntu SMP Fri Dec 2 03:43:51 UTC 2016', machine='x86_64', processor='x86_64')