1504,306,6,3,4,2,2,3,4,3,23,0,0,0,0,0,0,0,0,0
1399,278,6,3,4,2,2,2,3,2,28,0,0,0,0,0,0,0,0,1
1455,310,11,11,3,4,2,2,2,2,23,0,0,0,0,0,0,0,0,0
1421,308,6,3,3,2,2,2,2,2,34,0,0,1,0,0,0,0,0,0
1451,277,6,6,3,2,2,2,2,3,24,0,0,1,0,0,0,0,0,1
1459,277,6,3,6,3,2,2,2,2,26,0,0,0,0,0,0,0,0,0
1455,296,5,3,2,2,4,2,2,2,25,0,0,0,0,0,0,0,0,0
1434,301,6,10,3,4,2,3,3,2,25,0,0,0,0,0,0,0,0,0
1433,283,5,3,4,3,2,2,3,2,24,0,0,0,0,0,0,0,0,0
1436,291,5,2,2,2,2,2,3,2,22,0,0,0,0,0,0,0,0,0
1607,332,5,3,3,2,3,2,2,2,25,0,0,0,0,1,0,0,0,0
1470,292,8,3,2,2,2,3,5,2,25,0,0,0,0,0,0,0,0,0
1551,347,9,4,9,8,3,3,3,3,35,0,0,0,0,0,0,0,0,0
1494,309,9,6,3,2,2,2,3,2,23,0,0,0,0,0,0,1,0,0
8740,7016,51,50,69,81,15,11,17,9,1312,0,1,0,1,0,0,0,1,0
5936,885,22,38,6,23,7,7,7,7,816,0,1,0,0,0,0,0,0,0
3239,648,8,5,8,6,5,5,9,4,59,0,0,0,0,0,1,0,0,0
2645,476,12,4,5,3,3,4,4,4,46,0,0,0,0,0,0,0,0,0
2617,450,11,3,3,5,3,3,4,4,44,0,0,0,0,0,0,0,0,0
2431,463,6,3,3,2,4,6,4,3,37,0,0,0,0,0,0,0,0,0
2284,460,21,4,9,4,2,3,3,7,26,0,1,0,0,0,0,0,0,0
2113,485,13,9,6,12,4,7,7,5,36,1,0,1,0,0,0,0,0,0
2061,415,8,4,4,5,4,5,3,4,115,0,0,0,0,0,0,0,0,0
1904,404,20,10,3,4,3,3,3,3,23,0,0,0,0,0,0,0,0,0
2117,455,11,14,5,4,3,3,4,3,29,0,0,0,0,0,0,0,0,0
1873,399,16,5,5,4,3,3,3,2,25,0,0,0,0,0,0,0,0,0
1732,362,16,5,4,3,3,4,4,3,35,1,0,0,0,0,0,0,0,0
1744,343,8,3,2,2,6,3,4,2,24,0,0,0,0,0,0,0,0,0
1693,318,7,3,3,2,2,4,14,2,24,0,0,0,0,0,0,0,0,0
1678,301,15,4,2,2,2,3,2,3,24,0,0,0,0,1,0,0,0,0
1657,346,10,6,3,3,3,4,3,2,24,0,0,0,0,0,0,0,0,0
1628,309,8,6,3,3,6,2,3,2,23,0,0,0,0,0,0,1,0,0
1565,311,4,2,5,2,6,3,7,3,23,1,0,0,0,0,0,0,0,0
1601,300,4,2,3,2,2,2,2,2,23,0,0,0,0,0,0,1,0,0
1601,307,12,3,2,2,2,2,4,2,33,0,0,0,0,0,0,0,0,0
1637,333,12,3,3,3,2,5,2,2,310,0,0,1,0,0,0,0,0,0
1557,294,5,3,2,2,2,4,3,3,24,0,0,0,0,0,0,0,0,0
1626,369,10,15,2,4,2,2,2,3,24,0,0,0,1,0,0,0,0,0
1580,301,7,2,3,4,2,5,3,2,33,0,0,0,0,0,0,0,0,0
1577,334,10,2,2,2,2,2,2,3,23,0,0,0,0,0,0,0,0,0
1526,300,8,9,2,2,4,2,2,3,27,0,0,0,0,1,0,0,0,0
1598,344,7,6,6,3,3,4,3,3,33,0,0,0,0,0,0,0,0,1
1544,317,6,5,2,2,2,2,2,6,34,0,0,0,0,0,0,0,0,0
1638,347,11,10,5,3,3,3,5,3,23,0,1,0,1,0,0,0,0,0
1733,377,10,4,3,4,2,5,2,3,24,0,0,0,0,0,0,0,0,0
1625,343,11,3,4,2,2,2,5,2,34,0,0,0,0,0,0,0,0,0
1584,322,23,11,7,7,2,2,3,2,22,0,0,0,0,0,0,0,0,0
1692,345,7,3,3,2,11,3,3,2,33,0,0,0,0,0,0,0,0,0
1672,362,8,6,3,7,2,2,2,2,24,0,0,0,0,0,0,1,0,0
1564,319,7,3,2,2,2,2,2,2,25,0,0,1,0,0,0,0,0,0
1627,367,14,4,3,3,3,3,6,3,23,0,0,0,0,0,0,0,0,0
1671,366,14,9,4,7,7,6,5,3,65,0,0,0,0,0,1,0,0,0
1584,318,8,4,3,4,2,2,3,4,24,0,0,1,0,0,0,0,0,0
1665,339,17,3,3,3,4,8,4,6,44,0,0,0,0,0,0,0,0,0
1646,326,13,9,3,4,3,10,3,2,24,0,0,0,0,0,0,0,0,0
1702,404,12,6,4,8,2,4,3,7,33,1,0,0,1,0,0,0,0,1
1872,323,4,2,2,2,3,3,3,2,23,0,0,0,0,0,0,0,0,0
1595,324,11,3,4,2,2,2,2,4,33,0,0,1,0,1,0,0,0,0
1587,335,20,4,3,2,3,9,3,2,25,0,0,0,0,0,0,0,0,0
1749,323,5,3,2,2,3,3,3,2,25,0,0,0,0,0,1,0,0,0
1794,433,17,5,3,2,2,3,3,4,24,0,0,0,0,0,0,0,0,0
1696,363,12,4,3,8,5,3,4,3,45,0,0,0,0,0,0,0,0,0
1685,352,11,3,5,7,4,3,3,3,24,0,0,0,0,0,0,0,0,0
1695,331,9,3,3,4,3,2,2,2,25,0,0,0,0,0,0,0,0,0
1531,311,6,3,3,2,2,2,2,2,25,0,0,0,0,0,0,0,1,0
1616,322,6,3,4,2,2,2,3,2,45,0,0,0,0,0,0,1,0,0
1630,321,4,5,3,4,3,7,2,2,34,0,0,0,0,0,0,0,0,0
1694,341,7,10,9,4,2,2,4,10,24,0,0,0,1,0,0,0,0,0
1723,329,4,4,6,4,6,2,2,2,25,0,0,0,0,0,0,0,0,0
1767,351,11,18,3,2,4,3,6,2,33,0,0,0,1,1,0,0,0,0
1677,315,8,3,2,2,5,3,2,3,24,0,0,0,0,0,0,0,0,0
1719,344,16,9,2,2,2,2,3,9,23,0,0,0,0,0,0,0,0,0
1613,342,5,6,5,3,2,2,3,7,24,0,0,0,0,0,0,0,0,0
1598,320,6,5,3,2,2,2,3,4,24,0,0,0,0,0,0,0,0,0
1761,388,6,6,3,13,9,3,3,3,44,0,0,0,0,0,0,0,0,0
1604,304,3,3,4,2,2,3,4,2,27,0,0,0,0,0,0,0,0,0
1864,435,11,2,3,5,2,5,2,2,25,0,0,0,0,0,0,0,0,0
1618,322,5,3,3,3,3,2,2,2,34,0,0,0,0,0,0,0,1,0
1670,364,8,8,8,2,2,7,4,3,29,0,0,0,0,0,0,0,0,0
1704,329,5,3,2,3,4,3,4,3,24,0,0,0,0,0,0,0,0,0
1694,328,8,3,2,2,2,2,5,4,23,0,0,0,1,0,0,0,0,0
1799,388,7,4,6,10,3,3,3,3,54,0,0,0,0,0,0,0,0,0
1748,382,18,3,7,6,7,3,3,3,37,1,0,0,0,0,0,0,0,0
1685,362,8,4,3,3,3,5,5,2,25,0,0,0,0,0,0,0,0,0
1717,332,8,4,2,2,3,3,3,2,23,0,0,0,0,0,0,0,0,0
1641,332,6,16,2,2,2,3,2,2,24,0,0,0,0,0,0,0,0,0
1828,495,19,6,3,4,13,3,3,4,128,0,0,0,0,0,0,0,0,0
1724,379,7,4,9,3,2,2,2,2,34,0,0,0,0,0,0,0,0,0
1871,449,7,6,6,3,2,5,3,5,37,0,0,0,0,0,0,0,0,1
1567,316,7,2,4,5,3,3,2,3,24,1,0,1,0,0,0,0,0,0
1718,342,13,5,14,3,2,4,3,2,33,0,0,0,0,0,0,0,0,0
1657,361,7,12,3,3,3,3,3,2,45,0,0,0,0,0,0,0,0,0
1643,369,15,5,4,4,2,2,3,3,38,1,0,0,0,0,0,0,0,0
1612,338,14,3,3,3,2,2,2,2,24,0,0,0,0,1,0,0,0,0
1637,348,5,3,5,3,5,2,2,2,25,0,0,0,0,0,0,0,0,0
1572,305,9,3,2,2,2,6,3,2,23,0,0,0,1,0,0,0,0,0
1706,349,8,4,5,5,3,5,3,2,28,0,0,0,0,0,0,0,0,0
1647,335,8,3,2,2,3,2,3,3,311,0,0,0,0,0,0,0,0,0
1762,334,10,3,2,3,2,4,6,2,24,0,0,0,0,0,0,0,0,0
1736,353,11,4,4,3,9,6,4,2,23,0,0,1,0,0,0,0,0,0

Number of starts: 100
Number of accumulated fails: 0

Boot times
Average response time: 1819 ms
Median response time: 1657 ms
Longest response time: 8740 ms
Lowest response time: 1399 ms

First request times
Average response time: 422 ms with 4 decrypt time
Median response time: 336 ms with 4 decrypt time
Longest response time: 7016 ms with 16 decrypt time
Lowest response time: 277 ms with 2 decrypt time

uname_result(system='Linux', node='sneakybits', release='4.8.0-30-generic', version='#32~16.04.1-Ubuntu SMP Fri Dec 2 03:43:51 UTC 2016', machine='x86_64', processor='x86_64')