2679,662,9,8,5,5,5,5,5,5,512,4,3,1,1,1,1,1,1,1
2679,667,10,7,5,5,5,5,5,5,612,3,3,1,1,1,1,1,1,0
2716,695,10,7,6,5,5,4,5,4,411,3,3,1,1,1,1,1,1,1
2711,698,10,7,5,5,5,4,4,4,411,4,3,1,2,1,1,1,1,1
2711,688,9,8,5,5,5,4,5,5,511,3,4,1,2,1,1,0,1,1
2720,694,9,8,5,6,6,5,4,4,513,3,3,2,1,2,1,1,0,1
2715,701,12,9,6,11,7,10,10,4,1117,3,3,2,6,3,6,5,1,1
2717,705,9,6,9,7,7,8,5,4,412,2,2,5,3,3,3,1,1,1
2723,706,11,7,5,4,5,4,4,4,418,4,3,1,1,1,1,0,1,1
2682,666,14,11,6,5,7,6,6,5,412,6,5,1,2,2,2,2,1,1
2705,691,8,6,11,6,6,4,5,5,420,4,3,4,2,1,1,1,1,1
2752,705,8,7,5,5,5,4,4,4,412,3,3,1,1,1,2,1,1,1
2710,698,10,9,6,5,5,5,5,4,412,4,4,1,2,1,1,1,1,1
2698,685,11,7,5,5,5,4,4,4,411,5,3,2,2,2,1,0,1,1
2724,708,10,8,7,7,8,7,9,7,413,3,2,2,3,4,3,4,3,1
2703,692,9,7,5,5,5,5,4,4,411,4,4,2,1,1,1,1,1,1
2735,704,10,5,5,6,8,6,7,6,612,3,1,1,2,3,2,2,3,3
2687,673,9,7,6,5,5,4,4,4,412,3,4,1,1,1,1,1,1,1
2711,699,10,6,6,6,8,10,6,6,715,3,2,2,3,4,5,3,3,2
2699,678,9,7,5,5,5,12,5,4,412,3,3,2,1,2,1,1,1,0
2724,710,10,6,7,7,5,4,4,4,421,2,2,3,3,1,0,1,1,1
2715,704,9,8,5,6,5,5,5,4,512,3,3,1,2,1,1,1,1,1
2696,676,9,7,5,4,6,4,4,4,412,3,3,1,1,1,1,1,1,1
2704,693,9,7,5,5,5,4,4,4,412,3,3,1,2,1,1,1,1,1
2705,690,7,5,6,5,8,7,8,7,812,2,2,2,2,4,3,4,3,4
2701,680,8,8,5,5,5,4,5,6,512,4,3,1,1,1,1,1,1,1
2716,702,15,8,7,9,5,5,4,4,518,7,3,3,3,1,1,1,1,1
2707,689,10,7,6,5,7,6,5,5,412,4,3,2,2,2,1,1,1,0
2699,688,7,5,6,8,7,6,7,6,613,2,1,1,4,3,3,3,3,2
2727,715,10,9,5,6,5,4,5,4,516,5,5,1,2,1,1,1,1,1
2719,708,9,7,6,8,9,7,7,7,612,3,2,2,4,5,3,3,2,2
2707,687,10,7,7,5,6,5,5,5,412,4,4,2,2,1,1,1,0,1
2716,701,10,9,6,6,5,5,5,4,514,4,3,1,2,1,1,1,1,1
3218,1197,7,5,6,7,8,6,6,5,413,2,2,2,3,3,3,3,1,1
2705,692,10,7,5,5,8,5,5,4,412,4,3,1,1,2,1,1,1,1
2691,678,7,6,5,7,7,7,6,6,512,2,2,1,4,3,3,2,1,1
2681,665,9,7,5,6,5,5,4,5,511,3,3,2,1,1,1,1,1,1
2678,666,9,7,5,4,5,4,5,4,412,3,3,1,1,2,1,0,1,1
2695,674,8,6,5,6,8,7,7,7,719,2,2,2,2,3,3,3,3,3
2710,697,7,6,5,7,6,6,6,4,411,2,2,1,3,3,3,3,1,1
2694,680,10,15,7,6,5,5,5,4,513,4,10,2,2,2,1,1,1,1
2722,711,7,6,6,7,7,7,4,5,412,2,2,2,3,3,3,1,1,1
2690,676,10,7,5,5,6,4,5,4,412,3,3,1,1,1,1,1,1,1
2708,695,8,7,5,6,5,4,4,5,512,3,3,1,1,1,1,1,1,1
2715,693,10,8,5,5,6,4,4,4,411,4,3,2,1,2,1,1,1,1
2717,699,14,10,5,5,5,6,5,5,413,4,5,1,1,1,1,1,1,1
2726,710,9,5,6,7,7,7,6,5,513,2,2,3,3,3,4,3,1,1
2723,702,9,6,6,5,5,5,5,4,411,4,3,2,2,1,1,1,1,1
2701,680,10,7,7,8,5,5,5,5,516,4,3,1,2,1,1,1,1,1
2668,654,8,8,5,7,5,4,4,4,511,3,4,1,2,1,1,1,1,1
2730,716,7,7,7,9,5,5,4,4,512,1,3,3,5,1,1,1,1,1
2675,664,9,7,5,4,6,4,4,4,413,4,3,1,1,2,1,1,1,1
2713,701,9,8,5,5,5,5,4,4,413,3,3,1,1,1,1,1,1,1
2732,716,7,6,5,9,7,7,6,5,519,2,2,2,4,2,3,2,2,2
2703,685,10,7,6,5,5,5,5,5,414,3,3,2,2,1,1,1,1,1
2713,703,8,7,5,6,5,5,5,4,413,3,3,2,1,1,1,2,1,1
2719,707,11,7,7,5,6,4,4,5,412,4,3,3,1,1,0,1,1,1
2697,682,10,8,6,6,5,5,5,5,511,4,3,2,2,2,1,1,1,1
2718,705,8,6,6,6,5,4,4,5,413,4,2,2,2,2,1,1,0,1
2712,695,8,6,8,8,8,7,10,8,813,2,2,3,4,4,3,5,3,3
2702,687,8,6,8,7,8,6,6,4,412,1,2,3,3,3,3,2,1,1
2719,707,7,6,6,7,7,7,7,4,412,2,2,2,3,3,3,3,1,1
2703,687,11,8,7,6,6,4,4,11,513,4,3,2,1,1,1,1,1,1
2688,678,8,8,5,5,5,5,5,4,512,3,4,1,1,1,1,1,1,1
2708,696,8,5,6,7,8,8,7,4,412,3,2,3,2,3,4,3,1,1
2687,668,9,9,6,6,5,5,4,4,512,4,5,2,2,1,1,1,0,1
2709,693,16,7,5,6,5,5,4,4,412,3,3,1,1,1,1,1,1,1
2730,712,11,8,5,6,6,5,4,5,512,5,4,1,2,1,1,1,2,1
2704,692,10,8,6,5,7,5,5,4,412,3,3,2,1,1,1,1,1,1
2730,719,10,7,8,5,6,4,4,4,420,4,3,3,1,2,1,1,1,1
2708,691,9,7,5,5,5,4,5,4,413,4,3,1,2,1,1,1,0,1
2731,719,8,7,5,5,4,5,4,4,415,4,3,1,1,1,1,1,1,1
2709,693,11,7,5,6,5,5,5,4,613,5,3,2,2,1,2,1,1,1
2719,696,8,7,5,6,5,5,5,4,511,3,3,1,1,1,1,1,1,1
2736,723,10,14,6,5,6,5,6,5,513,3,9,2,2,2,1,1,1,1
2720,708,7,10,8,6,8,4,6,4,512,2,3,4,2,3,1,2,1,1
2721,708,9,8,5,5,5,5,5,5,416,4,4,1,2,1,1,1,1,1
2708,677,10,7,5,5,5,4,4,5,412,5,3,2,1,1,1,1,1,1
2720,707,9,7,5,5,6,4,4,4,417,3,3,2,1,1,1,0,1,1
2705,694,11,9,6,11,7,7,7,10,812,3,4,2,6,3,3,3,5,2
2686,673,10,7,6,5,6,4,5,4,412,4,3,1,2,1,1,0,1,1
2707,694,7,8,8,7,5,7,4,5,413,1,3,4,3,1,2,1,1,1
2717,696,23,7,5,5,4,4,4,4,412,4,3,1,1,1,1,1,1,1
2671,661,10,8,6,5,5,4,4,5,412,4,4,1,2,2,1,1,1,1
2730,709,11,11,9,5,8,6,7,4,417,3,6,4,1,3,1,2,1,1
2679,665,9,7,5,5,6,5,5,5,412,3,3,2,1,1,1,1,1,1
2713,699,10,8,8,10,9,10,11,6,513,4,3,4,5,4,6,5,2,2
2691,680,7,5,9,7,7,7,9,7,614,2,1,4,3,3,3,3,2,2
2687,675,9,7,5,5,6,5,5,4,411,4,3,1,2,1,1,1,1,1
2727,706,7,7,6,7,7,7,9,7,913,1,2,2,4,3,2,4,2,4
2716,701,11,7,5,6,5,4,4,4,513,4,3,1,1,1,1,1,1,1
2690,680,7,5,7,7,7,7,7,6,515,2,1,2,3,3,4,3,3,2
2710,696,9,7,6,5,5,4,4,4,412,3,3,1,2,1,1,1,1,1
2703,687,8,7,9,7,5,4,5,5,514,2,2,5,3,1,1,1,1,1
2709,698,7,7,10,11,7,7,7,7,413,1,2,5,5,3,3,2,2,1
2739,705,9,7,5,5,6,4,5,4,416,3,3,2,1,1,1,1,1,1
2709,696,9,8,5,7,5,4,4,5,717,3,4,1,2,1,1,1,1,2
2697,683,10,7,6,11,6,6,5,4,412,4,3,2,6,2,1,1,1,1
2686,666,9,7,5,5,6,4,4,4,412,4,3,2,1,1,1,1,1,1
2707,691,9,8,7,5,6,4,6,4,614,4,3,3,1,1,1,2,1,2

Number of starts: 100
Number of accumulated fails: 0

Boot times
Average response time: 2712 ms
Median response time: 2709 ms
Longest response time: 3218 ms
Lowest response time: 2668 ms

First request times
Average response time: 697 ms with 13 decrypt time
Median response time: 694 ms with 12 decrypt time
Longest response time: 1197 ms with 21 decrypt time
Lowest response time: 654 ms with 11 decrypt time

uname_result(system='Windows', node='DESKTOP-NU1HEGG', release='10', version='10.0.17134', machine='AMD64', processor='AMD64 Family 23 Model 8 Stepping 2, AuthenticAMD')