4446,267,9,13,8,7,6,5,6,6,722,3,5,2,3,2,2,1,3,4
4373,310,8,7,8,8,8,8,7,9,1023,2,2,4,3,3,3,3,3,5
4414,277,10,10,8,9,9,8,7,8,852,4,4,4,4,4,4,4,3,4
4203,270,11,12,8,9,9,10,8,8,1060,6,7,5,5,5,6,4,4,5
4580,305,10,7,7,7,7,8,6,6,621,3,3,3,4,2,1,2,3,2
6601,485,25,19,15,17,14,12,12,16,1571,11,7,8,5,6,6,6,9,10
6749,394,14,11,11,11,9,10,10,11,1359,6,5,6,5,4,3,5,4,5
6146,371,12,8,9,10,11,10,8,7,833,5,3,3,4,6,4,2,3,3
5473,329,12,14,10,11,9,13,11,9,1054,6,8,5,6,4,6,5,5,6
5041,270,12,10,9,10,10,9,9,9,923,4,3,3,4,3,3,4,3,3
5052,300,14,7,6,7,10,8,9,9,1344,4,3,3,3,2,4,5,4,5
4856,280,12,10,15,15,12,9,11,10,730,4,4,4,4,3,4,6,5,3
4905,278,13,10,10,10,11,12,10,10,828,8,4,6,6,6,6,5,6,4
4709,286,9,12,10,7,7,7,8,8,935,4,6,5,4,3,3,3,4,4
5068,322,13,11,11,11,9,9,8,7,928,5,5,4,5,4,4,3,3,5
5079,320,10,8,9,9,9,9,11,8,831,4,4,4,4,4,4,4,4,4
4916,332,10,9,10,15,10,7,9,8,822,4,4,4,6,3,3,4,3,4
4911,316,9,9,9,8,9,11,8,11,1022,5,4,3,4,4,4,4,7,4
4973,304,14,14,10,8,10,8,9,15,1330,7,9,5,4,6,4,3,7,7
4881,285,18,9,9,8,8,10,10,9,924,8,5,3,3,3,5,4,5,4
4950,298,9,6,9,11,10,11,15,7,1141,3,2,5,4,4,4,4,2,4
4972,318,11,9,8,9,11,7,9,9,1036,5,4,4,4,2,3,5,4,6
5157,296,10,9,8,9,8,6,13,8,923,5,4,4,4,3,2,3,4,5
5022,309,12,11,13,12,9,9,14,12,1237,7,5,7,7,4,4,9,7,7
5235,309,9,11,9,11,11,7,10,5,523,4,3,5,6,5,3,3,1,1
5001,322,13,12,11,11,11,11,11,8,1144,7,6,6,6,6,6,6,5,7
4872,291,8,9,9,8,7,7,7,6,738,4,5,5,3,2,2,2,3,3
4845,284,8,6,8,7,9,7,8,6,722,3,2,3,3,3,3,3,2,3
4943,289,8,15,10,9,8,10,7,7,742,3,4,4,3,2,5,3,4,3
4644,265,9,8,8,7,8,8,16,8,922,3,4,3,3,3,3,2,4,4
4943,279,10,8,7,8,10,8,7,7,933,5,3,3,4,4,4,3,3,4
4933,313,11,11,11,10,13,12,11,11,1126,6,6,5,4,8,8,7,7,7
5089,374,16,11,14,14,13,8,9,7,931,4,3,6,3,8,3,5,3,5
4915,261,11,7,7,9,8,7,7,6,820,5,2,3,3,2,2,2,3,3
4881,282,9,9,9,15,10,8,8,5,551,4,4,4,8,3,3,1,1,1
5007,318,18,12,12,12,13,8,9,8,951,8,7,7,7,7,4,5,4,4
5200,275,16,10,9,8,9,9,11,10,1134,6,5,4,4,3,4,4,3,6
4864,281,12,8,7,7,7,7,6,13,822,3,3,3,3,3,3,2,3,4
5070,327,13,10,10,8,9,9,9,8,824,5,6,4,4,4,4,4,4,3
5118,339,11,14,10,8,9,10,9,7,724,6,8,5,3,4,5,3,3,2
5094,311,13,11,11,9,10,20,9,9,927,6,5,4,4,4,11,4,5,4
4840,292,8,8,9,7,12,7,7,7,734,4,2,3,3,3,3,3,2,2
4998,313,10,8,8,9,10,9,9,9,1226,5,2,4,4,4,5,4,5,3
4925,297,11,7,9,9,9,10,9,8,925,3,2,4,3,4,5,5,4,4
4973,266,11,10,14,11,9,7,8,5,721,7,5,8,5,5,2,1,2,1
4958,320,12,10,10,9,9,10,8,9,1129,6,5,6,5,5,4,4,5,5
4881,255,8,12,9,9,7,7,5,5,630,4,4,3,5,4,3,2,2,1
4895,316,9,7,8,8,8,6,8,6,834,4,3,4,3,3,3,3,2,3
5204,343,14,8,8,10,8,10,9,9,839,4,3,3,3,3,3,3,3,3
4962,322,22,12,15,13,18,10,8,6,641,9,6,8,5,9,5,2,1,2
5022,296,10,11,14,14,11,10,12,10,1122,5,7,9,9,6,6,6,6,5
4800,293,10,10,15,10,8,7,9,13,849,4,4,4,4,4,4,5,8,4
4904,302,17,8,9,8,9,11,11,10,1634,5,4,4,4,5,6,6,6,6
4889,299,20,12,11,10,9,10,9,9,1037,6,5,6,6,3,4,4,5,4
5103,330,14,14,10,10,10,8,8,11,1151,8,6,5,4,5,3,3,7,6
5146,285,11,16,10,11,14,9,4,4,528,5,11,6,7,8,3,1,1,2
5197,292,12,8,9,8,8,8,5,7,533,5,3,5,3,3,3,2,2,1
4892,288,15,9,8,8,8,9,9,7,1444,5,3,3,4,2,5,3,3,4
5211,329,14,9,10,9,8,8,8,6,825,8,4,4,4,2,4,3,3,3
5128,309,13,14,12,10,9,9,13,12,1140,7,7,7,4,4,5,9,7,7
5015,282,15,9,9,9,10,9,9,12,1144,9,4,5,5,5,4,4,7,7
4840,300,14,9,8,17,10,10,10,9,933,3,3,3,12,4,5,5,5,3
5069,326,11,8,11,13,7,8,8,7,1230,4,3,4,4,3,3,3,3,3
5159,291,10,10,7,6,11,11,8,4,633,5,4,3,3,6,5,4,1,1
4825,307,14,11,10,8,10,12,11,13,1228,8,6,6,3,4,4,3,6,5
5118,332,12,9,13,9,10,9,8,9,941,4,4,8,5,4,3,3,4,3
4874,319,10,9,10,10,10,7,10,9,922,5,4,5,4,4,3,5,5,4
4998,299,10,9,7,8,9,9,9,6,724,3,3,3,4,5,4,3,2,2
5020,311,10,11,12,10,9,8,12,9,833,3,6,5,5,4,4,2,4,4
5025,287,10,9,8,9,11,14,9,11,1237,4,4,3,3,5,5,5,6,5
4989,339,13,9,8,11,14,12,12,10,957,6,5,5,7,6,7,7,6,4
4996,279,10,10,7,9,9,8,7,9,722,5,6,3,5,5,3,3,4,3
4984,327,11,7,7,7,9,7,11,10,981,4,3,3,3,5,2,6,6,4
4965,303,12,14,13,13,9,11,12,11,1123,7,9,8,8,5,7,6,6,7
4969,331,13,7,11,8,8,10,8,7,727,4,2,4,4,3,2,4,3,2
5211,306,10,9,8,12,8,11,10,11,722,6,3,3,4,3,5,5,5,2
5228,299,11,8,8,9,10,12,8,8,623,5,2,3,5,4,6,3,2,1
4949,293,12,10,10,11,10,11,9,15,1024,4,5,5,4,4,4,4,7,5
4983,295,12,9,9,8,9,9,9,9,1131,5,4,4,3,4,4,5,3,5
5479,339,11,8,9,7,13,9,7,7,854,4,3,4,3,7,3,3,4,3
5062,288,14,8,8,9,9,8,9,7,1024,4,3,3,5,3,3,3,3,3
4902,276,7,13,7,7,8,7,9,8,1035,2,4,2,3,3,3,4,4,5
4812,284,10,7,9,9,9,9,9,11,1123,5,2,4,4,4,3,4,7,6
5357,353,16,11,8,9,10,12,13,11,1240,9,5,3,4,4,8,8,6,4
4991,286,11,9,8,8,10,7,7,7,733,4,4,4,5,4,3,3,3,3
4971,298,10,7,9,7,9,10,9,6,931,3,2,3,3,4,5,5,3,3
4852,318,13,9,9,7,7,8,5,4,421,5,5,5,3,2,2,1,0,1
5290,275,10,10,9,8,11,9,9,9,1024,4,4,4,3,5,4,5,5,5
5012,322,12,7,7,7,7,7,6,6,765,5,2,2,3,2,2,3,2,2
4872,320,14,11,11,8,8,9,8,10,1049,9,6,5,4,3,3,3,5,4
4972,313,16,8,9,9,10,10,6,7,1750,10,4,5,4,5,5,2,5,4
5029,312,10,11,11,9,9,8,10,11,1150,5,6,6,5,4,4,5,7,7
5028,285,16,12,14,12,12,11,11,13,1323,11,7,9,7,7,7,6,9,9
4908,289,11,10,9,9,11,11,13,10,1139,5,5,4,3,4,6,7,5,4
5044,322,11,9,7,12,11,9,9,8,841,5,4,2,4,4,5,3,3,3
5217,305,12,7,10,9,10,9,9,7,831,5,2,4,4,5,5,3,2,2
4842,298,8,9,8,10,11,9,9,8,740,4,3,4,5,5,5,5,3,2
4770,306,9,13,10,12,10,8,9,8,922,4,3,4,3,4,4,5,4,3
5071,323,11,14,13,13,13,12,12,12,1233,6,8,7,7,6,7,8,8,8
5466,375,10,7,9,9,8,9,9,8,848,3,2,4,3,2,5,4,4,3

Number of starts: 100
Number of accumulated fails: 0

Boot times
Average response time: 5022 ms
Median response time: 4983 ms
Longest response time: 6749 ms
Lowest response time: 4203 ms

First request times
Average response time: 307 ms with 34 decrypt time
Median response time: 303 ms with 32 decrypt time
Longest response time: 485 ms with 81 decrypt time
Lowest response time: 255 ms with 20 decrypt time

uname_result(system='Linux', node='sneakybits', release='4.8.0-30-generic', version='#32~16.04.1-Ubuntu SMP Fri Dec 2 03:43:51 UTC 2016', machine='x86_64', processor='x86_64')