32244,2107,81,73,41,38,38,40,37,38,40788,57,51,19,18,19,18,18,19,18
33086,3147,178,100,40,37,38,37,38,39,391825,156,79,18,18,19,18,18,19,19
32032,2084,109,83,40,38,39,37,37,38,40733,85,61,18,18,18,18,18,19,19
33284,2903,174,104,41,38,39,39,39,39,551589,146,82,19,18,18,18,18,18,19
32930,2946,168,58,41,40,49,38,38,40,411614,143,36,19,18,28,18,19,19,19
33522,2939,169,53,38,39,40,39,39,39,411591,146,31,19,19,18,19,19,19,20
31993,2018,100,86,40,38,39,37,38,39,40670,75,63,18,18,18,19,18,19,19
32121,2025,100,87,40,40,39,37,38,39,39706,76,65,18,18,18,18,19,20,19
33195,2879,171,125,38,38,53,39,37,39,391541,147,84,18,18,19,19,17,19,19
32824,2784,174,104,41,37,39,42,39,40,411462,149,81,19,18,18,19,19,19,19
32155,2043,99,86,40,37,38,37,44,39,40708,74,64,19,18,18,18,18,19,19
32194,1798,45,39,41,38,38,37,38,39,41456,23,18,19,18,18,18,19,19,19
32229,1786,47,48,42,39,38,39,38,39,41483,24,26,19,18,19,19,18,19,19
32205,2145,82,73,40,38,39,37,38,39,40806,58,51,19,18,18,19,18,19,19
32034,2051,125,78,39,39,39,37,55,38,38709,102,57,18,19,19,18,18,19,18
33265,3163,183,103,38,39,48,39,37,40,391819,158,82,18,18,18,19,18,19,19
32090,1974,48,48,41,39,39,37,39,54,40633,24,26,19,19,19,19,18,19,19
32748,2769,170,54,39,49,39,44,38,45,411418,145,33,18,29,18,18,18,23,19
30381,2494,170,102,39,35,39,36,36,37,391304,147,81,18,18,18,18,18,18,19
29627,2250,98,82,39,36,38,36,39,38,391025,75,61,19,18,18,18,19,18,19
30757,3047,169,100,52,36,38,35,37,38,371822,146,79,20,18,18,18,18,19,19
29390,1924,96,86,39,36,37,36,37,39,40716,74,66,19,18,18,18,19,19,19
29507,2117,98,82,39,37,38,36,37,38,39900,76,60,19,19,19,18,19,19,18
30808,2873,168,105,39,37,37,35,37,38,381585,146,84,18,19,18,18,19,19,19
29924,2255,95,84,41,36,37,35,37,37,381023,74,63,21,18,18,18,19,19,19
29909,2404,95,84,39,36,37,38,37,37,391172,73,63,19,18,18,19,18,18,19
29942,2207,96,84,39,36,38,36,37,37,38969,74,63,19,18,18,18,18,19,19
29331,1814,46,47,39,37,38,35,37,37,38609,24,26,18,18,18,18,19,18,18
29413,1710,44,38,39,36,37,36,37,37,38491,22,18,19,18,18,19,19,19,18
32717,3162,174,115,40,37,38,39,38,39,401811,149,92,19,18,18,18,19,19,19
32139,1914,47,48,41,39,38,37,37,38,40573,24,26,18,19,18,18,18,18,19
32025,1949,62,48,45,37,39,37,38,39,40607,24,26,22,18,18,18,18,19,19
33118,3037,175,106,41,39,39,37,39,39,401700,150,84,19,18,19,18,18,19,19
32344,2163,99,85,41,37,40,37,38,39,39825,74,64,19,18,18,18,18,19,18
31965,1744,48,48,39,44,42,38,37,39,40413,24,26,19,18,19,18,18,19,20
33058,3087,184,102,41,39,39,37,38,39,391777,156,79,18,19,19,18,18,19,19
33056,2941,168,53,50,37,39,37,38,39,401603,143,30,27,18,18,18,18,19,19
32687,2691,174,103,40,37,39,37,39,39,391332,149,81,18,18,18,18,20,19,18
33241,2810,173,49,40,38,41,38,37,39,401462,149,26,18,19,18,18,18,19,19
32513,2792,178,104,40,39,39,37,38,39,481465,153,80,18,18,18,18,18,18,28
32308,2163,99,86,40,38,39,36,37,40,41820,74,64,19,18,18,18,19,19,19
31522,1826,49,49,39,40,42,37,38,39,40508,24,26,18,19,19,18,18,18,19
33227,3142,174,107,41,37,39,37,38,39,401800,149,82,19,18,18,18,18,20,19
32177,2062,107,86,41,39,39,37,61,38,39729,82,65,19,18,18,19,27,19,19
32027,1852,47,49,41,38,38,37,38,39,40527,24,26,19,18,18,18,18,19,19
33116,3079,188,101,38,38,40,40,38,38,391718,164,79,18,18,18,18,18,19,19
33047,2754,172,104,41,39,45,38,53,40,401435,147,81,19,19,23,18,19,19,19
31106,2791,170,101,39,37,38,36,37,38,391536,146,80,18,18,18,18,18,19,19
29813,2091,96,84,39,37,37,37,37,38,39887,73,63,19,18,18,18,19,19,19
30033,2344,98,84,38,36,37,36,37,38,391130,76,64,19,18,19,18,18,19,18
29607,1774,46,47,40,37,37,36,38,38,39552,23,26,19,18,18,18,19,19,19
29953,2150,97,83,39,36,38,36,36,37,38923,74,62,18,18,18,18,19,18,18
29214,1637,45,38,40,37,37,36,37,37,39450,22,19,19,18,18,18,18,19,20
31284,3310,168,101,38,38,37,35,37,37,382067,146,80,18,18,18,18,19,18,19
29974,2535,169,101,38,36,37,36,38,37,381340,146,81,19,19,18,18,19,19,18
29170,1662,45,38,39,37,37,36,36,38,38451,22,19,18,19,18,18,18,19,19
29754,2275,96,84,39,37,37,35,36,37,381048,74,63,19,18,18,18,18,18,18
30593,2703,165,57,39,36,38,36,37,37,381490,142,36,19,18,18,18,18,18,19
30354,2466,181,88,40,36,37,35,36,37,381260,160,68,19,18,18,18,18,19,18
30973,3106,172,106,38,36,37,36,42,37,391888,149,75,19,18,18,18,18,18,19
30248,2672,153,82,39,36,37,35,36,37,381446,131,62,19,18,18,18,18,19,19
30285,2424,96,85,39,37,38,35,36,37,381210,73,65,19,18,18,18,18,19,19
29401,1784,46,47,39,37,38,37,38,38,39571,24,27,19,18,19,19,19,19,19
31382,3603,174,116,38,36,37,36,36,37,382360,152,83,18,18,18,18,19,19,19
31198,3465,169,103,38,37,38,35,37,38,392235,146,81,18,18,18,18,18,19,19
30300,2676,180,98,39,36,37,35,36,38,381444,146,79,18,18,18,18,18,19,18
30232,2519,171,100,38,37,37,36,37,37,381306,149,80,18,18,19,18,18,18,19
29279,1666,46,47,38,37,37,36,37,37,39453,24,26,19,18,18,18,18,19,19
31347,3648,122,89,39,38,37,36,36,37,382390,99,68,19,18,19,18,18,18,18
30334,2738,169,104,38,36,37,36,37,37,411523,146,83,19,18,19,18,18,18,18
30309,2564,168,101,39,35,37,36,37,36,391329,146,81,18,18,18,18,18,18,19
30357,2696,169,104,39,37,37,36,36,37,381471,146,83,18,19,18,18,18,18,18
29923,2260,98,85,39,36,37,36,37,37,461067,75,64,19,19,18,18,19,18,19
32124,2012,48,49,41,38,39,37,39,39,40654,23,26,18,18,18,18,19,19,19
32200,2099,109,86,41,37,39,37,38,39,40772,85,64,19,18,18,18,18,18,19
32271,2045,100,84,53,38,39,37,37,43,39702,76,63,19,19,18,18,19,23,19
32138,1821,46,40,42,38,39,38,38,40,41454,22,18,19,19,18,18,19,19,19
32289,1974,48,48,40,40,38,37,40,39,40617,24,26,18,18,18,18,18,19,19
33279,2976,167,57,41,40,39,39,37,39,401658,142,35,19,18,18,18,19,19,19
32729,2931,174,104,40,47,38,37,38,38,401621,149,82,19,28,18,18,18,19,19
33245,3058,174,114,40,37,38,37,62,49,401699,150,93,19,18,18,18,27,30,19
32171,1761,48,48,42,39,39,38,39,40,40437,23,27,19,18,18,18,18,19,20
31904,1815,48,48,43,38,39,37,39,40,41465,24,26,19,18,18,18,18,20,19
32348,2025,99,86,37,40,46,37,37,39,40695,74,64,19,18,18,18,18,18,19
32090,1975,48,49,38,39,40,40,37,38,40610,24,27,18,18,18,18,18,18,19
32141,1953,122,77,40,37,38,37,38,39,40597,98,56,19,18,18,18,19,19,19
33161,2842,173,103,39,46,39,39,38,39,401515,148,81,19,18,18,18,18,19,18
31798,1799,47,47,41,39,39,38,38,39,41478,24,25,19,19,18,18,19,19,19
33239,2948,166,56,38,48,43,38,38,40,411627,142,33,18,18,19,18,18,19,20
32216,1848,48,63,39,40,44,38,37,39,40515,24,27,18,18,19,18,19,19,18
33176,3079,182,99,40,38,38,41,40,40,391724,158,76,19,18,18,18,19,20,18
29615,1771,55,46,39,36,37,36,36,37,38556,23,25,18,18,18,19,18,18,19
30282,2704,169,104,39,37,37,36,37,37,401501,146,83,19,18,18,18,19,19,18
29876,2172,95,83,40,37,37,36,37,37,39964,74,63,19,18,18,18,19,18,19
29999,2383,98,84,39,36,37,36,37,38,381178,75,64,19,19,18,18,19,19,19
29901,2073,96,84,39,36,38,36,37,37,38870,74,63,19,18,18,18,19,19,19
30900,3206,169,100,39,36,37,36,37,38,411965,147,80,19,18,18,19,18,19,18
29767,1822,45,46,39,37,37,36,37,38,39580,23,26,18,18,17,18,18,19,19
31605,3653,122,120,39,37,37,35,37,38,382405,99,100,19,19,18,18,18,19,19
29794,2295,96,82,39,37,38,35,38,38,391052,74,61,19,18,18,18,18,18,19

Number of starts: 100
Number of accumulated fails: 0

Boot times
Average response time: 31441 ms
Median response time: 31979 ms
Longest response time: 33522 ms
Lowest response time: 29170 ms

First request times
Average response time: 2424 ms with 1140 decrypt time
Median response time: 2285 ms with 1059 decrypt time
Longest response time: 3653 ms with 2405 decrypt time
Lowest response time: 1637 ms with 413 decrypt time

uname_result(system='Linux', node='raspberrypi', release='4.19.57-v7+', version='#1244 SMP Thu Jul 4 18:45:25 BST 2019', machine='armv7l', processor='')