859,246,6,7,6,4,4,5,4,6,320,3,2,2,2,2,2,2,2,0
882,271,7,9,9,7,7,6,4,4,414,3,3,3,4,3,4,0,1,1
881,257,7,11,7,9,6,6,6,3,318,2,3,4,3,4,4,0,1,1
883,267,6,6,4,4,4,4,4,4,315,3,2,2,2,2,1,2,2,0
893,265,7,7,10,7,9,8,2,2,313,3,3,6,4,3,5,0,0,0
862,245,5,6,5,4,4,5,4,4,513,3,2,3,2,1,2,2,3,2
873,254,12,7,7,6,6,5,5,4,316,5,3,3,3,2,2,1,1,1
867,251,10,4,6,4,5,5,5,7,515,2,2,3,2,2,2,3,2,3
865,255,7,6,8,6,6,5,5,4,315,3,3,3,3,4,3,2,1,0
880,252,7,6,7,5,6,5,3,3,316,4,4,3,3,3,3,0,1,1
888,271,7,6,6,7,5,4,8,3,313,3,3,3,4,2,2,2,1,1
856,248,5,6,6,5,4,5,5,5,612,3,3,3,3,2,2,3,1,1
918,268,6,6,5,5,7,8,3,3,312,3,3,3,2,4,4,1,1,1
893,250,6,4,7,4,4,4,4,3,313,4,3,4,3,2,2,2,0,1
983,291,7,6,11,6,5,4,5,4,415,4,4,5,3,3,2,2,1,1
892,259,7,5,8,10,4,4,3,4,213,3,3,4,6,2,1,0,1,1
975,272,10,7,10,4,4,3,2,2,314,5,4,4,2,1,1,1,1,0
889,261,8,6,7,7,9,7,4,3,313,5,3,3,5,3,4,1,1,0
893,269,6,4,5,4,4,5,5,4,613,3,2,2,2,1,3,3,2,4
919,269,5,7,6,10,7,7,3,4,414,2,3,4,4,3,3,1,1,1
874,249,7,10,7,5,6,4,4,4,519,4,3,3,2,4,1,2,2,0
923,292,8,5,7,5,8,5,5,4,215,4,2,3,3,3,3,1,1,1
923,262,7,7,5,4,4,4,4,5,414,2,2,2,2,2,2,2,2,2
924,289,5,5,10,6,5,6,5,4,616,2,3,3,4,2,3,2,3,2
945,301,7,5,6,4,5,6,7,9,424,1,2,4,1,3,3,3,4,1
913,264,8,9,6,6,7,8,7,5,515,3,2,3,4,4,4,4,2,1
948,287,14,9,8,6,5,3,3,3,313,5,6,5,2,2,1,1,1,1
956,290,4,5,5,5,5,5,5,4,518,2,2,2,2,2,3,3,2,2
1100,383,9,8,6,8,7,10,12,10,920,5,3,3,3,3,5,7,6,3
1730,495,11,11,13,8,7,10,9,8,928,6,5,5,5,3,4,5,4,4
1628,461,14,12,11,10,13,12,11,7,725,5,7,5,6,8,7,6,3,3
1537,452,15,11,13,10,9,8,6,7,428,7,6,7,6,5,4,2,1,1
1450,417,10,10,15,9,10,7,9,7,826,5,4,6,5,5,2,3,2,2
1425,413,12,9,9,9,10,12,17,6,522,4,3,5,5,4,8,7,3,1
1441,396,9,10,12,10,9,10,3,5,428,5,7,6,7,4,3,1,2,1
1285,375,10,6,6,6,6,8,8,11,722,5,3,3,2,3,4,4,4,2
1272,378,11,12,8,9,12,9,9,6,625,4,5,5,5,6,5,5,1,2
1277,372,9,5,8,5,8,8,8,7,625,4,2,4,2,4,5,4,4,2
1190,351,8,9,11,5,5,6,6,5,521,4,4,3,3,2,3,3,2,2
1201,355,12,9,6,5,9,10,9,6,721,4,5,3,2,4,5,5,2,2
1188,339,8,8,8,9,9,10,5,5,419,4,4,4,5,6,7,3,2,2
1174,345,10,8,7,5,6,6,8,9,521,4,2,3,3,2,2,2,2,2
1111,316,6,7,8,10,9,13,5,4,516,4,4,4,5,5,4,1,2,2
1111,335,8,6,11,5,6,5,5,4,418,4,3,3,3,3,2,2,1,1
1056,290,7,7,8,8,9,12,3,3,315,3,4,6,5,4,9,1,1,0
1063,305,8,8,7,7,7,6,5,6,520,4,4,4,4,4,3,2,3,1
1077,312,7,5,5,5,6,6,5,5,419,4,2,3,2,3,3,3,2,2
1071,284,7,5,8,8,12,7,8,4,519,3,2,3,5,4,5,3,2,1
1031,306,8,11,13,8,9,11,9,4,416,3,4,5,5,5,5,3,1,2
1021,298,8,8,8,5,6,6,5,3,316,6,4,5,3,4,2,2,0,1
1031,288,7,5,5,5,7,7,7,7,517,3,2,2,3,3,4,4,4,1
1022,309,6,9,5,5,5,7,5,4,416,3,3,2,2,2,2,2,1,1
999,295,8,7,7,4,7,7,7,7,417,4,4,3,2,4,4,3,2,1
1008,287,7,6,7,7,8,10,10,9,518,2,3,3,3,5,5,4,2,3
1039,303,7,8,7,9,7,7,5,4,520,4,3,4,4,5,4,1,2,2
1002,293,7,7,6,8,9,6,7,5,419,4,4,3,5,6,3,4,2,1
990,293,6,4,5,4,5,5,6,7,715,3,2,2,2,2,3,3,4,5
983,287,8,10,5,4,5,4,4,3,518,5,5,3,3,2,2,2,0,1
966,259,9,8,7,7,8,7,6,4,415,3,3,3,5,5,5,3,1,1
969,288,9,5,8,8,5,5,4,3,318,5,2,5,3,2,1,1,0,1
998,295,9,7,7,8,6,8,4,3,316,5,3,3,5,3,1,1,1,1
989,290,14,6,7,10,11,6,7,4,315,4,3,3,4,3,3,5,1,1
962,279,13,8,8,6,4,4,3,3,316,5,5,5,2,1,1,1,1,1
992,297,7,7,6,7,8,3,3,3,515,3,4,3,4,5,1,0,1,1
990,289,8,13,9,9,9,7,3,3,419,4,3,5,4,4,5,1,1,1
1030,319,10,8,7,7,6,12,11,8,717,4,4,3,3,4,3,2,5,4
1022,304,8,7,6,9,7,6,4,4,416,4,3,3,5,4,3,1,1,2
979,299,9,8,11,5,5,3,3,3,318,4,5,9,3,2,1,1,1,0
981,294,6,4,6,4,5,5,8,5,515,3,2,4,2,2,3,3,2,2
980,297,7,7,7,7,6,7,6,5,417,4,2,3,4,3,3,2,2,1
1026,324,8,8,7,7,8,7,10,7,522,3,3,4,4,5,4,3,3,2
1023,311,7,5,7,6,6,8,7,10,415,3,2,4,3,4,4,4,7,1
1001,299,8,8,7,11,6,6,5,6,315,4,3,3,3,3,3,3,3,2
1021,285,10,10,8,5,4,4,3,3,316,5,5,4,2,1,1,1,1,0
1032,313,7,7,7,7,7,4,3,3,315,3,4,4,3,2,1,0,1,1
989,291,10,7,6,6,6,6,6,5,318,4,3,3,4,3,3,3,2,1
988,286,6,4,6,4,4,6,11,5,518,3,2,3,2,2,4,5,2,2
988,302,11,8,8,4,9,3,4,5,317,6,4,5,1,2,0,0,1,0
971,284,9,7,6,8,4,5,5,8,418,3,4,4,3,2,3,3,2,1
975,285,6,5,8,5,6,5,6,4,517,3,2,4,2,3,2,3,2,1
1006,302,11,7,7,10,7,9,8,4,617,4,4,4,5,4,4,4,2,1
1070,320,10,7,9,9,6,7,4,4,616,4,3,4,6,4,3,1,2,2
1091,313,12,9,9,8,9,8,8,6,523,4,4,4,4,5,5,5,2,2
1067,303,7,6,8,16,6,4,3,3,316,4,3,5,11,3,1,1,1,1
1044,301,8,5,6,6,7,8,6,7,817,4,3,3,4,3,3,3,5,5
1075,316,13,9,12,5,5,3,3,3,317,7,5,8,3,2,1,1,1,1
1073,319,7,7,7,7,8,6,6,5,320,3,3,4,4,3,3,3,2,0
1089,311,7,7,7,4,5,5,6,10,518,4,4,4,2,2,2,4,6,1
1003,293,7,8,7,7,6,4,3,4,317,4,4,5,4,3,1,0,1,1
1001,290,4,9,5,5,5,6,5,5,518,2,2,2,2,2,3,2,3,2
1016,305,7,6,5,6,5,6,4,3,416,4,3,3,3,2,3,2,0,0
1042,308,9,5,7,5,5,5,4,5,418,4,3,4,3,2,2,2,3,1
973,286,7,6,7,4,4,5,9,7,619,4,3,3,2,2,3,5,4,2
973,285,6,5,5,4,5,5,6,6,717,3,3,3,2,2,2,2,3,3
976,289,4,8,9,6,10,7,5,4,516,2,4,4,3,3,4,1,1,1
1000,297,8,9,8,7,6,6,4,3,418,4,5,5,4,3,2,1,2,1
1006,297,7,7,6,7,8,8,7,3,316,3,3,4,4,3,3,3,1,1
993,294,8,11,6,6,6,8,6,4,316,4,4,3,3,3,3,3,1,1
1000,304,9,9,9,8,10,3,3,3,218,4,5,4,2,3,0,1,1,1
992,297,9,19,7,5,4,5,12,6,515,3,4,3,2,2,3,5,2,2

Number of starts: 100
Number of accumulated fails: 0

Boot times
Average response time: 1031 ms
Median response time: 998 ms
Longest response time: 1730 ms
Lowest response time: 856 ms

First request times
Average response time: 303 ms with 17 decrypt time
Median response time: 294 ms with 17 decrypt time
Longest response time: 495 ms with 28 decrypt time
Lowest response time: 245 ms with 12 decrypt time

uname_result(system='Linux', node='sneakybits', release='4.8.0-30-generic', version='#32~16.04.1-Ubuntu SMP Fri Dec 2 03:43:51 UTC 2016', machine='x86_64', processor='x86_64')