7879,2274,37,32,33,32,32,32,32,34,36412,22,18,18,18,18,18,18,19,19
7762,2279,37,32,32,32,32,32,32,34,35420,22,19,18,18,18,18,18,19,19
7731,2258,36,32,32,32,32,32,32,33,35412,21,18,18,18,18,18,18,19,19
7683,2263,36,32,32,32,32,32,32,33,35420,22,18,19,18,18,19,18,19,19
7862,2284,37,32,33,32,32,32,32,33,35429,22,19,19,18,18,19,18,19,19
7627,2209,36,32,32,32,32,32,32,33,34401,21,18,18,18,18,18,18,19,18
7693,2265,36,32,32,32,32,32,32,33,35428,22,18,19,19,18,18,18,19,18
7725,2238,36,32,32,32,32,32,32,33,34409,22,18,18,19,18,18,18,19,19
7657,2221,36,31,32,32,31,31,32,33,34399,22,18,19,18,18,18,18,18,19
7712,2253,36,32,32,32,32,34,32,33,35425,22,18,18,18,18,21,18,19,19
7690,2251,36,32,32,32,32,32,31,33,34410,21,18,18,18,18,18,18,18,19
7702,2272,36,32,32,32,32,32,32,33,35436,21,19,18,18,18,18,19,19,19
7761,2269,36,32,32,32,32,32,31,33,35426,21,18,18,18,18,18,18,19,19
7703,2263,36,31,32,32,31,32,31,33,34430,21,18,18,18,18,18,18,18,19
7745,2279,46,32,32,32,32,33,33,34,34424,31,18,19,18,18,19,18,19,18
7788,2266,36,32,32,32,32,32,32,33,34431,22,19,18,18,18,18,18,19,19
7678,2264,36,32,32,32,32,32,32,33,35424,21,18,18,18,18,18,18,19,18
7861,2302,36,32,32,32,32,32,32,33,35427,22,18,18,18,18,18,18,19,19
7740,2276,36,32,32,32,32,32,32,33,35433,22,18,18,18,18,18,18,19,19
7776,2254,36,31,32,32,32,32,32,33,34425,21,18,18,17,18,18,17,19,19
7664,2229,36,32,32,32,32,32,31,33,34423,21,18,18,18,18,19,18,19,19
7879,2288,36,32,32,32,32,32,32,33,35430,23,19,18,18,19,19,18,19,19
7766,2279,36,32,32,32,32,32,32,40,35426,22,18,18,18,19,18,18,26,19
7778,2249,36,32,32,32,32,32,32,33,35426,21,17,18,18,18,18,18,18,19
7677,2255,36,32,32,32,32,32,32,39,34425,21,18,18,18,18,18,18,25,19
7653,2253,36,32,32,32,32,32,32,33,35426,22,18,18,18,18,18,18,19,19
7705,2279,36,32,32,32,32,32,32,33,35453,22,18,18,18,18,18,18,19,19
7690,2258,36,32,32,32,32,32,32,34,35426,21,18,18,18,18,18,18,20,19
7708,2299,36,32,32,32,32,32,32,36,35452,22,18,18,18,18,18,18,22,18
7867,2289,36,32,32,32,32,32,32,33,35418,22,18,18,18,18,18,18,19,18
7701,2260,36,32,32,32,32,32,32,33,35425,21,18,18,18,18,18,18,19,19
7912,2279,36,32,32,32,32,32,32,33,35425,21,18,18,18,18,18,18,19,19
7690,2262,36,32,32,32,32,32,32,33,35429,22,18,18,17,18,18,18,18,18
7789,2290,36,32,32,32,32,32,32,33,35434,22,18,18,18,18,18,18,19,19
7828,2266,37,32,32,32,32,32,32,33,34420,22,18,19,18,18,18,19,19,19
7673,2246,36,32,32,33,32,32,32,33,35426,22,19,18,18,18,18,18,19,19
7697,2270,37,32,32,32,32,31,32,33,35418,23,18,18,18,18,18,19,19,19
7704,2253,36,32,32,32,32,32,32,33,34423,21,18,18,18,18,18,18,18,19
7747,2268,36,32,32,32,32,32,32,33,35418,21,18,18,18,18,18,18,18,19
7694,2254,36,32,32,32,31,32,32,33,35419,22,18,18,18,18,18,18,19,19
7649,2234,36,31,31,32,32,31,31,33,34432,22,18,18,19,18,18,18,19,18
7791,2238,37,32,32,32,32,32,32,33,34423,22,18,18,18,18,18,19,19,19
7727,2251,35,32,32,31,32,31,32,33,35426,21,18,18,18,18,18,18,18,19
7686,2245,36,32,32,32,32,32,32,33,35413,21,18,19,18,18,19,18,18,18
7707,2279,41,32,32,32,32,32,32,33,35429,21,19,18,18,18,18,18,19,19
7881,2262,36,32,32,32,32,32,32,33,34423,21,18,18,18,18,18,18,18,19
7731,2276,36,32,32,32,32,32,32,33,34425,22,18,18,17,18,18,18,19,19
7733,2240,36,32,32,32,32,32,32,33,35422,22,19,19,18,19,18,18,19,19
7634,2244,36,32,32,32,32,32,32,33,35411,22,18,18,18,18,18,18,19,19
7742,2244,36,32,32,32,32,32,32,33,35430,21,19,18,19,18,18,18,19,19
7780,2266,38,33,32,32,32,32,32,33,35432,22,18,18,18,18,18,18,18,18
7724,2281,39,32,32,32,32,32,33,33,35457,23,18,18,18,18,18,18,19,19
7716,2240,36,32,32,32,32,32,32,33,34415,22,18,18,18,18,18,19,19,18
7777,2276,36,32,32,32,32,32,32,33,34424,22,18,18,18,18,18,18,18,18
7792,2273,37,32,32,32,32,32,32,34,36426,22,19,19,18,18,18,18,19,19
7822,2310,37,32,32,32,32,32,32,34,36427,22,19,19,19,18,18,18,19,20
7855,2290,37,32,32,32,32,32,32,35,35427,22,18,18,18,18,19,19,19,19
7663,2247,36,32,32,32,32,32,32,33,35429,21,18,18,18,18,18,18,19,19
7762,2313,36,32,59,46,32,32,32,33,40449,22,18,37,24,18,18,18,19,19
7768,2255,36,32,32,31,32,32,31,33,34423,22,18,18,18,18,18,18,19,19
7706,2257,36,32,32,32,32,31,31,33,34427,22,18,18,19,18,18,18,19,19
7614,2233,36,32,32,32,32,32,32,34,34409,21,18,18,18,18,18,17,19,18
7614,2226,36,32,32,32,32,32,32,33,34424,22,18,18,18,18,18,18,18,18
7727,2280,36,32,32,33,32,32,32,34,35426,21,18,18,18,18,19,18,19,19
7857,2297,36,32,32,32,32,32,32,33,35421,22,18,19,19,18,18,18,19,19
7770,2273,39,32,32,32,32,32,32,42,35421,22,18,19,19,18,18,18,27,20
7720,2249,36,32,32,32,32,31,32,33,35424,22,18,18,18,18,18,18,19,18
7684,2265,36,32,32,32,32,32,32,33,35430,22,18,18,18,18,18,19,19,19
7832,2280,36,32,32,32,32,32,32,34,37427,22,18,18,18,18,18,18,19,19
7669,2253,36,32,41,61,32,32,32,33,35423,21,18,24,36,18,18,18,18,18
7654,2237,37,32,32,32,32,31,31,33,34428,22,18,19,19,18,18,18,18,19
7875,2317,37,32,32,32,32,32,32,34,35427,22,18,18,18,18,18,18,19,19
7817,2297,36,32,33,32,32,32,32,33,35425,23,19,19,18,18,18,18,19,19
7430,2111,35,31,31,30,31,30,30,31,33419,22,17,18,18,18,18,18,18,18
7172,2115,36,31,31,31,31,31,31,32,36416,21,18,18,18,18,19,18,19,19
7219,2113,35,31,31,31,31,31,31,32,33409,21,18,18,18,18,18,18,18,19
7226,2180,39,30,31,33,30,30,31,32,33419,26,17,18,18,18,18,18,18,19
7115,2086,35,31,31,31,31,30,30,32,33398,21,18,17,18,18,18,18,19,19
7192,2137,35,31,31,31,31,31,30,32,33446,21,18,18,18,18,18,18,19,18
7174,2153,35,31,31,31,31,31,31,41,33418,21,18,18,18,18,18,18,28,18
7178,2112,35,31,31,31,31,31,31,31,33415,22,18,18,18,18,18,19,19,18
7197,2112,35,31,31,31,31,31,30,31,33406,22,18,18,18,18,18,18,18,18
7255,2116,35,31,31,31,31,31,31,32,34415,22,18,18,18,18,18,18,19,19
7403,2168,37,31,31,31,31,31,31,39,33423,22,19,18,18,18,18,18,26,18
7295,2133,35,31,31,31,31,31,31,32,33419,22,19,18,18,18,18,19,19,19
7284,2114,41,31,31,31,31,31,31,32,33418,27,18,18,19,18,19,18,19,19
7267,2126,35,31,31,31,31,31,31,32,33419,21,18,18,18,18,18,18,19,19
7303,2141,36,31,31,31,31,31,31,35,33420,22,18,18,18,18,18,18,22,19
7130,2092,35,31,31,31,31,31,31,32,33415,22,19,18,18,18,18,18,19,19
7267,2181,36,32,32,32,32,31,32,33,35419,21,18,18,18,18,18,18,19,18
7795,2262,36,32,32,32,32,32,32,33,34418,22,18,18,18,18,18,18,18,18
7627,2205,36,32,32,32,32,32,31,33,35390,22,18,18,18,18,18,18,18,19
7704,2275,36,32,32,32,32,32,32,33,34450,21,18,18,18,18,18,18,19,19
7697,2277,36,32,32,32,32,32,32,33,35434,21,18,18,18,18,18,18,18,19
7706,2244,37,32,33,32,32,32,32,33,35408,22,19,18,18,18,17,18,19,19
7650,2241,36,31,32,32,32,31,32,33,34421,21,18,18,18,18,18,18,19,19
7723,2307,36,31,31,32,31,31,31,33,34448,22,18,18,18,18,18,18,18,19
7754,2277,36,32,32,32,32,32,32,33,35429,22,19,18,18,18,19,18,19,18
7692,2233,36,32,32,32,32,32,32,33,35425,21,18,18,18,18,18,18,19,19
7765,2281,36,32,32,32,32,32,32,33,34431,21,18,18,18,18,18,18,19,19

Number of starts: 100
Number of accumulated fails: 0

Boot times
Average response time: 7652 ms
Median response time: 7705 ms
Longest response time: 7912 ms
Lowest response time: 7115 ms

First request times
Average response time: 2240 ms with 423 decrypt time
Median response time: 2257 ms with 424 decrypt time
Longest response time: 2317 ms with 457 decrypt time
Lowest response time: 2086 ms with 390 decrypt time

uname_result(system='Linux', node='raspberrypi', release='4.19.57-v7+', version='#1244 SMP Thu Jul 4 18:45:25 BST 2019', machine='armv7l', processor='')