1260,1254,6,10,9,5,3,4,3,3,314,3,6,5,3,1,1,1,1,1
1233,1228,7,6,9,5,4,3,3,4,312,3,3,5,2,1,1,1,1,1
1260,1256,6,10,4,4,5,3,3,3,413,3,5,1,1,2,1,1,1,1
1244,1239,6,7,6,5,4,4,4,4,413,3,4,3,1,1,0,1,1,1
1238,1233,6,6,5,6,5,4,4,3,318,3,3,3,3,1,2,1,1,0
1269,1258,8,7,6,9,3,3,3,3,319,4,3,3,6,1,1,1,0,0
1262,1257,10,10,8,4,6,4,4,4,417,6,6,3,1,2,1,0,1,0
1248,1233,6,6,6,4,4,6,6,4,317,3,3,3,1,1,2,2,1,1
1241,1225,10,10,6,5,4,4,3,3,313,6,6,3,1,1,1,1,1,1
1237,1232,9,7,4,4,4,4,4,4,412,5,3,1,1,1,1,1,0,1
1230,1225,6,10,4,4,4,4,4,5,415,3,7,1,1,1,1,1,2,1
1209,1204,6,7,8,4,3,3,3,3,312,3,2,3,1,1,1,1,0,1
1230,1225,6,6,6,7,6,4,4,4,411,3,2,3,3,2,1,1,1,1
1254,1250,6,6,6,6,4,5,4,4,412,3,2,3,3,1,1,1,1,1
1254,1249,6,6,4,5,4,5,6,3,419,3,3,2,1,1,1,2,0,0
1211,1205,5,4,5,5,5,6,9,9,412,1,1,2,2,1,3,5,5,1
1228,1223,6,10,6,4,3,3,3,3,311,3,6,3,1,1,1,1,1,1
1221,1217,6,6,6,6,5,4,3,3,312,3,3,2,3,1,1,1,1,1
1250,1247,10,7,5,6,4,5,3,4,415,5,3,1,2,2,2,0,1,1
1252,1247,7,7,5,4,4,4,4,4,616,4,3,1,1,1,1,1,1,1
1231,1227,5,5,6,6,3,4,4,4,316,3,2,3,3,1,1,1,1,1
1255,1251,7,10,6,5,4,4,4,4,415,3,5,3,1,1,1,1,1,1
1277,1272,7,6,5,5,5,4,4,3,317,3,2,1,1,2,1,1,1,1
1266,1261,7,5,6,6,4,4,3,4,314,4,3,3,1,1,1,1,0,1
1232,1228,7,7,6,6,4,4,4,4,414,3,3,3,2,1,1,0,1,1
1226,1221,6,10,4,4,4,5,4,4,416,3,6,1,1,1,2,1,1,0
1231,1209,7,10,6,6,4,4,4,4,411,4,6,3,3,1,1,1,1,1
1242,1233,7,9,6,4,4,4,4,4,319,4,5,2,1,1,1,1,1,1
1238,1233,9,9,8,4,6,4,4,3,412,6,6,3,1,2,1,0,0,1
1250,1231,6,10,6,7,4,4,4,3,512,3,6,3,2,1,1,1,1,1
1215,1210,9,6,6,6,4,4,4,4,312,6,2,3,3,2,1,1,1,1
1236,1230,6,6,4,5,4,6,3,3,311,3,3,1,2,1,2,0,0,0
1252,1248,7,10,6,5,4,4,4,3,418,3,6,2,2,1,1,1,1,1
1222,1218,6,6,6,6,5,3,3,3,312,3,3,3,3,2,0,1,1,1
1242,1238,7,10,6,4,4,6,5,4,412,3,6,3,1,1,2,1,1,1
1264,1261,6,9,4,5,4,5,4,3,416,3,6,2,1,1,1,1,0,1
1245,1240,6,6,5,4,3,3,3,3,314,3,3,2,1,1,1,1,0,1
1261,1257,7,6,7,4,4,4,5,4,418,4,3,2,1,2,1,2,1,1
1241,1234,10,7,5,4,4,4,4,4,316,6,3,1,1,1,1,0,1,1
1253,1248,8,10,9,4,5,4,6,3,313,5,6,6,1,1,2,2,1,1
1216,1212,6,6,6,6,4,4,4,4,310,3,3,2,3,1,2,1,1,1
1221,1217,6,6,6,6,4,4,3,3,314,3,3,2,3,1,1,0,0,1
1227,1221,7,6,6,6,5,4,3,3,312,3,3,3,3,1,1,1,1,1
1209,1203,7,10,4,4,4,4,4,4,412,3,6,1,1,1,1,1,1,1
1215,1209,5,5,5,5,5,6,6,9,512,1,2,1,2,1,3,2,5,2
1260,1254,7,6,11,5,4,4,4,4,420,3,2,5,1,1,1,1,1,1
1237,1232,7,7,10,6,4,5,3,4,412,3,3,5,2,2,1,1,1,0
1250,1247,7,6,9,4,4,4,3,4,416,3,2,5,1,2,1,0,1,1
1272,1268,9,6,8,5,4,3,3,5,319,6,3,4,2,2,1,1,1,0
1218,1214,7,6,5,4,5,4,4,4,512,3,3,2,1,1,1,0,1,1
1255,1251,9,6,6,6,4,6,3,3,317,6,3,3,2,1,2,1,1,1
1733,1730,6,6,5,4,4,4,4,4,314,3,4,3,1,1,2,1,1,2
1222,1218,7,7,5,4,9,6,6,5,611,3,4,1,1,6,3,2,2,3
1220,1215,8,6,7,4,4,4,5,4,411,4,3,3,1,1,1,2,1,1
1236,1225,7,6,6,5,5,4,4,4,311,3,2,3,1,1,1,1,1,1
1206,1202,5,7,6,6,6,6,6,6,512,2,3,3,3,3,2,3,3,2
1246,1242,6,9,6,5,5,4,5,5,312,3,6,3,2,1,1,2,2,1
1244,1240,7,7,6,5,6,4,4,4,419,3,3,2,2,3,1,0,1,1
1247,1242,11,9,5,7,6,7,4,4,312,6,4,2,3,3,3,1,1,1
1238,1234,7,6,7,4,4,4,4,4,315,3,3,3,1,1,1,1,1,1
1243,1237,7,10,5,5,6,4,4,6,518,3,6,2,1,2,1,1,1,1
1247,1242,6,4,5,5,6,6,6,4,313,2,1,1,2,2,3,2,1,1
1233,1227,4,5,4,4,4,5,5,5,612,1,2,2,2,1,3,2,3,3
1258,1252,9,6,7,6,5,4,4,4,319,6,3,3,3,1,1,1,0,0
1267,1262,6,6,9,4,4,4,3,3,311,3,3,6,1,1,1,1,1,1
1227,1223,7,6,7,4,7,4,6,4,411,3,3,3,1,3,1,2,0,1
1255,1251,5,5,4,5,4,6,9,6,312,2,2,1,2,2,3,5,2,1
1233,1229,7,6,5,5,5,4,4,5,418,3,3,1,2,1,2,2,1,1
1255,1248,11,10,4,4,4,4,3,4,419,7,5,2,2,1,1,0,1,0
1245,1240,6,6,7,4,4,4,4,4,414,3,3,3,1,1,1,1,1,0
1227,1222,6,8,4,3,3,3,3,3,311,3,4,1,1,1,1,1,1,0
1233,1225,6,5,5,6,8,6,3,3,312,3,3,3,3,4,2,1,0,1
1231,1225,5,5,5,10,6,6,6,7,611,2,1,2,6,2,3,2,3,2
1242,1237,5,5,5,5,6,6,6,6,611,1,1,2,2,3,2,3,3,2
1238,1233,6,6,6,6,5,4,4,4,311,3,2,3,3,1,2,1,1,2
1227,1223,7,4,4,4,4,6,5,5,512,3,2,1,1,1,3,3,2,3
1256,1246,6,6,6,6,5,4,4,4,412,3,3,2,3,1,1,1,1,1
1275,1270,7,7,5,5,7,6,4,4,420,3,3,1,2,2,1,1,1,1
1226,1221,7,6,5,5,4,4,4,4,316,4,3,3,1,1,2,1,1,1
1217,1213,7,6,6,6,6,5,4,3,314,3,2,3,3,3,1,1,1,1
1242,1234,10,9,6,5,4,4,4,4,417,6,7,3,2,1,1,1,1,1
1226,1221,7,6,5,5,5,4,4,4,412,3,2,1,2,1,1,1,1,1
1257,1241,6,6,6,7,6,4,3,4,411,3,3,3,3,2,1,1,1,1
1253,1247,6,5,5,5,7,6,7,6,612,1,1,1,2,3,3,3,3,3
1240,1235,6,6,6,6,4,4,4,4,418,3,2,3,3,1,1,0,0,1
1227,1222,7,6,7,4,5,4,6,6,512,3,3,3,1,1,1,2,2,2
1278,1274,7,6,6,4,5,4,4,4,317,3,3,2,1,1,1,1,1,1
1242,1238,4,5,5,6,6,6,6,5,411,1,2,1,3,2,3,2,3,1
1252,1246,7,9,6,4,4,4,6,3,416,3,5,3,1,1,1,3,1,1
1239,1234,8,6,6,8,6,3,3,3,314,5,3,3,4,2,1,1,1,1
1268,1260,11,6,6,4,6,3,3,4,420,6,3,3,1,2,1,1,1,1
1239,1233,5,5,7,10,6,6,5,6,411,1,2,3,6,2,3,2,3,1
1216,1211,7,6,6,5,4,4,4,6,312,3,3,3,3,1,1,0,1,1
1220,1216,7,6,5,9,6,5,5,6,612,3,3,1,5,2,3,3,2,3
1234,1229,7,7,5,6,4,4,4,5,412,3,3,3,3,1,1,1,1,1
1252,1248,5,7,5,5,5,6,5,6,512,1,3,1,4,3,3,3,3,2
1229,1224,6,10,4,5,5,4,3,3,311,3,6,2,1,1,2,2,0,0
1223,1220,10,9,7,4,5,3,3,3,312,6,5,4,1,1,1,1,1,1
1227,1223,7,6,10,7,4,4,3,3,311,3,3,6,3,1,1,1,1,1
1727,1722,4,6,4,5,4,5,6,6,612,2,2,2,2,2,3,2,3,2

Number of starts: 100
Number of accumulated fails: 0

Boot times
Average response time: 1250 ms
Median response time: 1240 ms
Longest response time: 1733 ms
Lowest response time: 1206 ms

First request times
Average response time: 1244 ms with 13 decrypt time
Median response time: 1233 ms with 12 decrypt time
Longest response time: 1730 ms with 20 decrypt time
Lowest response time: 1202 ms with 10 decrypt time

uname_result(system='Windows', node='DESKTOP-NU1HEGG', release='10', version='10.0.17134', machine='AMD64', processor='AMD64 Family 23 Model 8 Stepping 2, AuthenticAMD')